ERR1136663_Contig_13657_10.5125:1.2428
ERR1136663_Contig_27347_35.7133:1.6791
ERR1136663_Contig_33965_27.0056:1.3218
ERR1136663_Contig_44638_35.0661:1.5236
ERR1136663_Contig_33005_7.28551:1.1393
ERR1136663_Contig_42132_5.65653:1.1895
ERR1136663_Contig_64548_8.93855:1.2575
ERR1136663_Contig_77325_12.5493:1.7428
