Contig_101_50.3323:1.184267
Contig_105_51.4975:1.131714
Contig_10_145.575:1.1494
Contig_111_194.677:1.3767
Contig_114_57.1279:1.88272
Contig_120_93.6828:1.9406
Contig_122_123.772:1.1402
Contig_123_50.0271:1.32924
Contig_125_53.2457:1.155366
Contig_126_57.2595:1.31699
Contig_128_48.7298:1.2762
Contig_13_95.8984:1.23759
Contig_144_96.8606:1.6950
Contig_151_57.2412:1.63383
Contig_155_56.3452:1.25411
Contig_156_54.7359:1.26218
Contig_157_53.5628:1.31832
Contig_158_42.2345:1.39080
Contig_159_50.6935:1.33672
Contig_160_43.6282:1.4870
Contig_16_48.7015:1.41511
Contig_175_54.0437:1.66702
Contig_176_76.2307:1.6525
Contig_178_55.8824:1.133597
Contig_179_93.5893:1.2528
Contig_17_51.0162:1.54541
Contig_195_54.1666:1.22506
Contig_19_54.5467:1.35977
Contig_1_44.8901:1.48282
Contig_203_55.5905:1.148352
Contig_219_49.4471:1.64576
Contig_227_75.7994:1.4381
Contig_229_128.981:1.4867
Contig_232_146.008:1.2647
Contig_243_49.1916:1.7086
Contig_247_42.6376:1.136418
Contig_248_54.0837:1.31897
Contig_24_55.5322:1.73944
Contig_25_42.9891:1.38095
Contig_35_120.687:1.3695
Contig_39_54.3134:1.69076
Contig_45_152.827:1.1499
Contig_54_56.7462:1.61134
Contig_56_55.5339:1.5675
Contig_61_48.6544:1.24039
Contig_63_56.3636:1.41288
Contig_67_46.1119:1.32711
Contig_6_55.3471:1.61276
Contig_72_43.6448:1.88481
Contig_76_76.8403:1.11075
Contig_7_53.7314:1.62489
Contig_80_55.4697:1.48707
Contig_85_65.7337:1.19795
Contig_8_67.265:1.10540
Contig_9_55.05:1.41715
